49 44 65.0
26 47 51.0
27 44 51.0
36 17 50.0
48 45 49.0
35 40 48.0
48 44 48.0
27 38 39.0
35 43 38.0
35 52 38.0
40 25 36.0
32 51 35.0
36 52 35.0
31 44 33.0
48 38 33.0
17 58 32.0
47 45 30.0
47 51 29.0
58 56 29.0
47 50 28.0
51 37 28.0
33 51 27.0
21 34 26.0
36 40 26.0
25 45 24.0
26 37 24.0
18 45 23.0
34 40 22.0
30 15 21.0
31 18 21.0
39 25 21.0
50 38 21.0
19 49 20.0
21 32 20.0
37 38 20.0
43 51 20.0
45 55 20.0
47 54 20.0
52 36 20.0
30 18 19.0
36 15 19.0
21 33 18.0
28 19 18.0
34 38 18.0
48 42 18.0
51 36 18.0
34 22 17.0
36 43 17.0
42 24 17.0
47 31 17.0
47 41 17.0
49 38 17.0
20 34 16.0
26 38 16.0
29 38 16.0
34 23 16.0
43 21 16.0
43 59 16.0
44 59 16.0
16 52 15.0
25 37 15.0
34 49 15.0
36 14 15.0
24 45 14.0
30 44 14.0
33 20 14.0
33 40 14.0
34 39 14.0
36 16 14.0
41 25 14.0
42 25 14.0
42 26 14.0
43 50 14.0
48 39 14.0
48 43 14.0
36 45 13.0
39 18 13.0
40 24 13.0
43 25 13.0
47 24 13.0
20 33 12.0
21 37 12.0
23 45 12.0
27 45 12.0
31 43 12.0
32 44 12.0
32 50 12.0
32 54 12.0
35 47 12.0
40 51 12.0
43 53 12.0
44 46 12.0
45 47 12.0
54 40 12.0
69 27 12.0
25 50 11.0
29 16 11.0
31 51 11.0
32 17 11.0
51 39 11.0
52 35 11.0
59 66 11.0
12 51 10.0
19 36 10.0
19 47 10.0
24 41 10.0
24 59 10.0
25 41 10.0
37 24 10.0
41 46 10.0
42 50 10.0
43 26 10.0
47 44 10.0
47 48 10.0
50 44 10.0
52 37 10.0
53 54 10.0
59 36 10.0
18 36 9.0
21 38 9.0
22 53 9.0
28 20 9.0
28 44 9.0
30 17 9.0
35 14 9.0
35 38 9.0
36 44 9.0
39 45 9.0
41 23 9.0
44 28 9.0
45 41 9.0
49 37 9.0
55 39 9.0
22 59 8.0
23 48 8.0
24 42 8.0
25 47 8.0
27 19 8.0
33 50 8.0
33 52 8.0
34 30 8.0
35 39 8.0
37 22 8.0
42 51 8.0
44 55 8.0
47 40 8.0
47 46 8.0
47 47 8.0
48 36 8.0
49 42 8.0
49 43 8.0
50 45 8.0
51 42 8.0
52 38 8.0
67 29 8.0
13 55 7.0
21 39 7.0
22 10 7.0
23 14 7.0
24 47 7.0
25 15 7.0
27 15 7.0
27 56 7.0
28 56 7.0
39 47 7.0
40 50 7.0
40 58 7.0
41 50 7.0
42 21 7.0
43 42 7.0
43 52 7.0
44 21 7.0
44 52 7.0
46 24 7.0
46 41 7.0
48 41 7.0
50 30 7.0
50 32 7.0
52 41 7.0
56 53 7.0
61 43 7.0
62 56 7.0
13 31 6.0
16 54 6.0
16 56 6.0
18 58 6.0
19 39 6.0
19 40 6.0
21 40 6.0
22 58 6.0
23 53 6.0
24 9 6.0
25 36 6.0
26 45 6.0
26 46 6.0
27 16 6.0
29 17 6.0
29 44 6.0
30 19 6.0
31 15 6.0
31 37 6.0
33 21 6.0
33 22 6.0
35 27 6.0
35 53 6.0
36 41 6.0
36 57 6.0
38 27 6.0
40 26 6.0
40 53 6.0
43 22 6.0
43 28 6.0
43 41 6.0
44 26 6.0
44 27 6.0
47 34 6.0
50 58 6.0
52 54 6.0
53 37 6.0
55 40 6.0
55 56 6.0
58 57 6.0
61 36 6.0
62 35 6.0
63 60 6.0
14 54 5.0
15 35 5.0
15 54 5.0
16 58 5.0
17 46 5.0
18 47 5.0
19 50 5.0
19 56 5.0
20 40 5.0
21 10 5.0
22 37 5.0
23 9 5.0
23 58 5.0
24 44 5.0
25 40 5.0
25 48 5.0
26 48 5.0
27 47 5.0
27 48 5.0
29 49 5.0
29 50 5.0
30 59 5.0
31 17 5.0
31 49 5.0
32 15 5.0
32 19 5.0
32 20 5.0
32 37 5.0
34 18 5.0
35 18 5.0
35 21 5.0
35 44 5.0
36 34 5.0
36 48 5.0
37 25 5.0
37 45 5.0
37 50 5.0
39 46 5.0
40 46 5.0
40 54 5.0
41 21 5.0
41 53 5.0
47 25 5.0
48 40 5.0
48 47 5.0
49 47 5.0
50 31 5.0
50 37 5.0
50 39 5.0
50 43 5.0
51 38 5.0
53 25 5.0
53 31 5.0
54 30 5.0
54 51 5.0
55 61 5.0
56 29 5.0
57 56 5.0
62 57 5.0
64 56 5.0
65 37 5.0
66 34 5.0
67 25 5.0
68 27 5.0
10 46 4.0
11 32 4.0
12 35 4.0
12 46 4.0
13 4 4.0
13 33 4.0
13 59 4.0
16 35 4.0
17 47 4.0
18 44 4.0
18 50 4.0
20 42 4.0
21 49 4.0
21 53 4.0
22 11 4.0
22 54 4.0
23 44 4.0
24 53 4.0
25 46 4.0
26 44 4.0
27 17 4.0
28 38 4.0
28 52 4.0
28 55 4.0
29 39 4.0
30 16 4.0
31 31 4.0
32 58 4.0
33 39 4.0
33 53 4.0
34 44 4.0
34 46 4.0
35 17 4.0
35 22 4.0
35 36 4.0
36 53 4.0
37 17 4.0
37 37 4.0
37 39 4.0
37 44 4.0
39 24 4.0
39 28 4.0
40 19 4.0
40 23 4.0
40 27 4.0
40 42 4.0
40 43 4.0
41 24 4.0
41 26 4.0
41 60 4.0
42 23 4.0
42 39 4.0
43 43 4.0
43 58 4.0
45 45 4.0
46 22 4.0
46 25 4.0
46 55 4.0
47 42 4.0
47 53 4.0
49 46 4.0
50 42 4.0
50 49 4.0
51 23 4.0
51 24 4.0
51 44 4.0
52 33 4.0
52 42 4.0
53 27 4.0
53 40 4.0
54 59 4.0
55 38 4.0
56 30 4.0
56 61 4.0
57 55 4.0
59 21 4.0
59 24 4.0
59 56 4.0
60 37 4.0
60 40 4.0
62 38 4.0
64 43 4.0
66 26 4.0
67 36 4.0
68 23 4.0
11 33 3.0
12 47 3.0
15 55 3.0
16 37 3.0
17 52 3.0
17 59 3.0
18 38 3.0
18 46 3.0
18 49 3.0
19 37 3.0
19 42 3.0
20 35 3.0
20 37 3.0
20 39 3.0
20 50 3.0
20 55 3.0
21 31 3.0
21 58 3.0
22 52 3.0
23 37 3.0
23 52 3.0
24 17 3.0
24 38 3.0
24 39 3.0
24 43 3.0
24 46 3.0
24 48 3.0
26 15 3.0
26 36 3.0
26 39 3.0
26 42 3.0
26 49 3.0
27 37 3.0
27 40 3.0
27 50 3.0
27 52 3.0
28 36 3.0
28 39 3.0
28 43 3.0
29 19 3.0
31 36 3.0
31 50 3.0
32 18 3.0
32 21 3.0
32 39 3.0
32 52 3.0
33 30 3.0
33 41 3.0
33 44 3.0
33 45 3.0
34 16 3.0
34 21 3.0
34 29 3.0
34 31 3.0
34 51 3.0
35 16 3.0
35 41 3.0
35 42 3.0
35 45 3.0
36 27 3.0
36 46 3.0
37 20 3.0
37 28 3.0
38 22 3.0
38 24 3.0
38 46 3.0
39 38 3.0
40 18 3.0
40 47 3.0
40 60 3.0
41 22 3.0
41 47 3.0
41 48 3.0
41 62 3.0
42 22 3.0
42 45 3.0
42 52 3.0
43 24 3.0
43 61 3.0
44 22 3.0
44 23 3.0
45 28 3.0
45 46 3.0
46 61 3.0
47 30 3.0
47 39 3.0
47 49 3.0
47 52 3.0
48 48 3.0
48 49 3.0
48 51 3.0
48 57 3.0
49 45 3.0
50 19 3.0
50 40 3.0
50 46 3.0
50 50 3.0
51 40 3.0
51 43 3.0
52 29 3.0
52 40 3.0
53 61 3.0
54 39 3.0
54 42 3.0
54 54 3.0
54 62 3.0
55 22 3.0
55 29 3.0
55 30 3.0
55 51 3.0
56 31 3.0
56 50 3.0
56 59 3.0
57 59 3.0
59 35 3.0
59 42 3.0
60 36 3.0
60 39 3.0
60 42 3.0
60 43 3.0
61 61 3.0
62 34 3.0
63 40 3.0
63 59 3.0
65 28 3.0
65 35 3.0
